
g=1
cm=1
s=1
AU=149597870.691*10^2
msun=1.989*10^(33)
lsun=3.89*10^(33)
rsun=695500*10^3*100
G=6.672*10^(-8) 
h=6.6262*10^(-27) 
hbar=h/(2*Pi)
c=2.99792458*10^(10) 
mn=1.67492716*10^(-24)
mp=1.67262158*10^(-24)
QE=(mn-mp)*c^2
me=9.10938188*10^(-31)*1000
mb=(mn+mp)/2
kb=1.3807*10^(-16) (* erg/K *)
arad=8*Pi^5*kb^4/(15*c^3*h^3)
sigmasb=arad*c/4
q=4.8029*10^(-10)
secPyr=(60*60*24*365.25)
Ry=1.09678*10^5
RyE=me*q^4/(2*hbar^2)
fsc=q^2/(hbar*c)
radiuse=q^2/(me*c^2)
radiusp=q^2/(mp*c^2)
sigmat=6.652*10^(-29)*(100)^2
mevocsq=1.783*10^(-27)
ergPmev=1.602*10^(-6)
cmPfm=10^(-15)*100.
lightyrPparsec=1/0.30659458
km=10^3*100
pc=3.086*10^18
Mpc=10^6*pc
rgalaxies=3*Mpc
ly=1/3.261*pc
h0=71*km/s/Mpc
(*h0=65*km/s/Mpc*)
Omegal0=0.73
Omegam0=0.27
Omegak0=0
AU=14959800000000*cm
alphafs=1/(hbar*c/(q^2))
Lpl = Sqrt[hbar*G/c^3]
Mpl = Sqrt[hbar*c/G]
Vpl = Lpl^3
Tpl = Lpl/c
Temppl = Sqrt[hbar*c^5/(G*kb^2)]
Epl = Mpl*c^2
rhopl=Mpl/Vpl
Upl = Epl/Vpl
Powerpl = Epl/Tpl
r0=1.25*10^(-15)*10^2
V0=4*Pi*r0^3/3
rhonuc=mp/V0
